0 0.453125 0.240234375 0.34375 0.3662109375
0 0.765625 0.2158203125 0.2255859375 0.2314453125
0 0.0849609375 0.2705078125 0.162109375 0.173828125
1 0.4990234375 0.8369140625 0.4169921875 0.326171875
1 0.1025390625 0.8310546875 0.205078125 0.337890625
1 0.7587890625 0.7431640625 0.259765625 0.513671875
1 0.947265625 0.765625 0.1044921875 0.46875
2 0.107421875 0.6240234375 0.21484375 0.751953125
2 0.505859375 0.5244140625 0.7939453125 0.951171875
2 0.8125 0.5439453125 0.375 0.912109375
2 0.3017578125 0.203125 0.150390625 0.3818359375