0 0.525390625 0.2080078125 0.0625 0.064453125
0 0.017578125 0.5947265625 0.03515625 0.064453125
0 0.1708984375 0.5634765625 0.048828125 0.0517578125
0 0.373046875 0.646484375 0.0263671875 0.0537109375
0 0.40234375 0.654296875 0.0234375 0.0498046875
0 0.3369140625 0.6376953125 0.017578125 0.0361328125
0 0.4208984375 0.7734375 0.048828125 0.0693359375
0 0.5234375 0.771484375 0.0380859375 0.078125
0 0.89453125 0.5390625 0.04296875 0.072265625
2 0.033203125 0.763671875 0.06640625 0.42578125
2 0.1728515625 0.7529296875 0.103515625 0.431640625
2 0.3837890625 0.74609375 0.076171875 0.2490234375
2 0.4150390625 0.865234375 0.087890625 0.26953125
2 0.4970703125 0.8642578125 0.076171875 0.271484375
2 0.7978515625 0.7197265625 0.119140625 0.560546875
2 0.8837890625 0.7431640625 0.119140625 0.513671875
2 0.8681640625 0.2666015625 0.123046875 0.5322265625
2 0.509765625 0.396484375 0.1640625 0.4716796875
1 0.169921875 0.6923828125 0.08203125 0.173828125
1 0.4169921875 0.9150390625 0.083984375 0.169921875
1 0.4951171875 0.8720703125 0.0810546875 0.205078125
1 0.3837890625 0.7470703125 0.0673828125 0.1533203125
1 0.84765625 0.10546875 0.0927734375 0.189453125