0 0.31640625 0.255859375 0.056640625 0.052734375
0 0.470703125 0.318359375 0.0625 0.044921875
0 0.587890625 0.3681640625 0.05078125 0.046875
0 0.6669921875 0.4169921875 0.056640625 0.046875
0 0.8076171875 0.4287109375 0.060546875 0.056640625
0 0.873046875 0.455078125 0.056640625 0.048828125
1 0.287109375 0.3564453125 0.12109375 0.1640625
1 0.455078125 0.4169921875 0.119140625 0.150390625
1 0.576171875 0.4599609375 0.1015625 0.140625
1 0.650390625 0.5029296875 0.11328125 0.150390625
1 0.78515625 0.5087890625 0.119140625 0.1484375
1 0.86328125 0.5380859375 0.09765625 0.130859375
2 0.2646484375 0.400390625 0.22265625 0.3984375
2 0.4287109375 0.447265625 0.224609375 0.333984375
2 0.560546875 0.498046875 0.16796875 0.32421875
2 0.654296875 0.5390625 0.16796875 0.294921875
2 0.7783203125 0.54296875 0.16015625 0.298828125
2 0.8544921875 0.5703125 0.138671875 0.2890625
2 0.919921875 0.6142578125 0.12890625 0.205078125