1 0.61328125 0.4970703125 0.07421875 0.1767578125
1 0.6796875 0.49609375 0.0849609375 0.1865234375
2 0.6142578125 0.587890625 0.087890625 0.4716796875
2 0.69140625 0.560546875 0.0927734375 0.4736328125
2 0.7666015625 0.6884765625 0.146484375 0.623046875
2 0.044921875 0.6240234375 0.0888671875 0.498046875
2 0.205078125 0.55859375 0.0830078125 0.3701171875
2 0.125 0.57421875 0.08984375 0.345703125
2 0.2314453125 0.45703125 0.048828125 0.2646484375
2 0.29296875 0.439453125 0.0390625 0.1748046875
2 0.4052734375 0.439453125 0.060546875 0.1904296875
2 0.560546875 0.408203125 0.0576171875 0.2177734375
2 0.16796875 0.4111328125 0.0234375 0.1337890625