0 0.55859375 0.41796875 0.1083984375 0.140625
0 0.7509765625 0.44921875 0.1416015625 0.0859375
0 0.6015625 0.314453125 0.068359375 0.095703125
0 0.7783203125 0.359375 0.0654296875 0.087890625
0 0.75 0.228515625 0.0439453125 0.0712890625
0 0.82421875 0.224609375 0.044921875 0.056640625
0 0.7490234375 0.0224609375 0.0517578125 0.0439453125
0 0.826171875 0.021484375 0.0546875 0.0380859375
1 0.3349609375 0.4873046875 0.330078125 0.25
1 0.818359375 0.6337890625 0.2978515625 0.2392578125
1 0.7021484375 0.2900390625 0.10546875 0.087890625
1 0.66796875 0.375 0.1396484375 0.1328125
2 0.3798828125 0.669921875 0.455078125 0.66015625
2 0.7548828125 0.62890625 0.439453125 0.470703125
2 0.578125 0.4365234375 0.201171875 0.3134765625
2 0.6923828125 0.40234375 0.197265625 0.2333984375
2 0.7138671875 0.2841796875 0.142578125 0.1845703125
2 0.826171875 0.244140625 0.080078125 0.1259765625