0 0.451171875 0.3984375 0.146484375 0.169921875
0 0.2470703125 0.380859375 0.166015625 0.123046875
0 0.4326171875 0.28125 0.09375 0.115234375
0 0.2412109375 0.28125 0.087890625 0.107421875
0 0.3037109375 0.1552734375 0.0625 0.083984375
0 0.2294921875 0.1337890625 0.060546875 0.068359375
1 0.6611328125 0.525390625 0.400390625 0.337890625
1 0.158203125 0.5498046875 0.31640625 0.322265625
1 0.3369140625 0.23046875 0.130859375 0.115234375
1 0.3505859375 0.326171875 0.17578125 0.169921875
2 0.572265625 0.6513671875 0.625 0.697265625
2 0.240234375 0.5625 0.48046875 0.58984375
2 0.42578125 0.4111328125 0.283203125 0.369140625
2 0.318359375 0.34765625 0.259765625 0.287109375
2 0.326171875 0.2216796875 0.19140625 0.224609375
2 0.22265625 0.15234375 0.11328125 0.1484375