0 0.8203125 0.14453125 0.17578125 0.154296875
0 0.5830078125 0.2578125 0.052734375 0.0546875
0 0.3349609375 0.2275390625 0.07421875 0.115234375
0 0.1279296875 0.322265625 0.091796875 0.095703125
2 0.8115234375 0.5234375 0.33984375 0.93359375
2 0.5615234375 0.4189453125 0.15625 0.3984375
2 0.3203125 0.5107421875 0.197265625 0.658203125
2 0.150390625 0.560546875 0.181640625 0.59765625
1 0.84765625 0.4951171875 0.3046875 0.537109375
1 0.5791015625 0.357421875 0.09765625 0.166015625
1 0.310546875 0.419921875 0.1484375 0.291015625
1 0.1435546875 0.4912109375 0.150390625 0.287109375