0 0.40625 0.376953125 0.12109375 0.15625
0 0.193359375 0.4111328125 0.15625 0.09375
0 0.3583984375 0.26171875 0.076171875 0.10546875
0 0.1630859375 0.3115234375 0.072265625 0.09765625
0 0.1943359375 0.166015625 0.048828125 0.078125
0 0.1123046875 0.1630859375 0.05078125 0.0625
1 0.6533203125 0.453125 0.3671875 0.27734375
1 0.142578125 0.61328125 0.28515625 0.265625
1 0.24609375 0.234375 0.1171875 0.09765625
1 0.28515625 0.328125 0.154296875 0.146484375
2 0.6044921875 0.64453125 0.50390625 0.7109375
2 0.216796875 0.6083984375 0.43359375 0.521484375
2 0.3837890625 0.396484375 0.22265625 0.34765625
2 0.2578125 0.359375 0.21875 0.2578125
2 0.2333984375 0.228515625 0.158203125 0.203125
2 0.109375 0.18359375 0.08984375 0.138671875