0 0.8115234375 0.2744140625 0.0546875 0.04296875
0 0.7021484375 0.2060546875 0.06640625 0.0625
0 0.583984375 0.13671875 0.056640625 0.08984375
0 0.44921875 0.158203125 0.099609375 0.11328125
0 0.2890625 0.1728515625 0.109375 0.15625
1 0.716796875 0.3583984375 0.10546875 0.20703125
1 0.6025390625 0.3037109375 0.11328125 0.2265625
1 0.515625 0.3720703125 0.146484375 0.306640625
1 0.1162109375 0.36328125 0.23046875 0.390625
1 0.8134765625 0.3876953125 0.08203125 0.150390625
2 0.8173828125 0.4208984375 0.11328125 0.365234375
2 0.7177734375 0.4267578125 0.125 0.505859375
2 0.5966796875 0.3955078125 0.125 0.61328125
2 0.490234375 0.4521484375 0.169921875 0.7265625
2 0.16796875 0.517578125 0.3359375 0.8671875