0 0.826171875 0.3251953125 0.05859375 0.05078125
0 0.7275390625 0.2421875 0.07421875 0.0703125
0 0.6220703125 0.1572265625 0.068359375 0.09765625
0 0.4853515625 0.16015625 0.115234375 0.126953125
0 0.326171875 0.15234375 0.12890625 0.16796875
1 0.720703125 0.3935546875 0.130859375 0.216796875
1 0.6162109375 0.32421875 0.142578125 0.23828125
1 0.521484375 0.3798828125 0.185546875 0.322265625
1 0.1357421875 0.3154296875 0.271484375 0.416015625
1 0.8125 0.4365234375 0.1015625 0.16015625
2 0.8115234375 0.4697265625 0.162109375 0.375
2 0.712890625 0.4619140625 0.193359375 0.515625
2 0.59765625 0.4130859375 0.208984375 0.619140625
2 0.4853515625 0.455078125 0.267578125 0.73828125
2 0.19140625 0.4755859375 0.3828125 0.896484375