0 0.1806640625 0.201171875 0.158203125 0.13671875
0 0.4091796875 0.2958984375 0.0478515625 0.0478515625
0 0.6396484375 0.255859375 0.064453125 0.10546875
0 0.837890625 0.333984375 0.0830078125 0.0849609375
2 0.2080078125 0.5625 0.275390625 0.875
2 0.4375 0.4462890625 0.12890625 0.3671875
2 0.6669921875 0.5205078125 0.154296875 0.609375
2 0.8291015625 0.5576171875 0.142578125 0.552734375
1 0.169921875 0.533203125 0.2626953125 0.490234375
1 0.4169921875 0.388671875 0.083984375 0.1513671875
1 0.671875 0.4345703125 0.125 0.267578125
1 0.8310546875 0.4931640625 0.1279296875 0.2626953125