0 0.1640625 0.1982421875 0.171875 0.150390625
0 0.40625 0.283203125 0.052734375 0.052734375
0 0.64453125 0.2294921875 0.072265625 0.11328125
0 0.8544921875 0.298828125 0.08984375 0.091796875
2 0.2099609375 0.5537109375 0.333984375 0.892578125
2 0.4453125 0.4365234375 0.154296875 0.388671875
2 0.6865234375 0.5009765625 0.193359375 0.640625
2 0.8564453125 0.5322265625 0.177734375 0.58203125
1 0.1728515625 0.5419921875 0.298828125 0.5234375
1 0.419921875 0.3779296875 0.095703125 0.162109375
1 0.6875 0.4130859375 0.14453125 0.283203125
1 0.8564453125 0.46484375 0.146484375 0.279296875