0 0.3037109375 0.453125 0.060546875 0.0498046875
0 0.4111328125 0.4580078125 0.064453125 0.0556640625
0 0.5185546875 0.4560546875 0.041015625 0.0439453125
0 0.572265625 0.46875 0.0498046875 0.05859375
0 0.6552734375 0.458984375 0.052734375 0.0693359375
0 0.7568359375 0.4482421875 0.044921875 0.0751953125
1 0.306640625 0.6005859375 0.1015625 0.169921875
1 0.4130859375 0.5791015625 0.095703125 0.1611328125
1 0.5263671875 0.5947265625 0.130859375 0.1640625
1 0.6328125 0.6015625 0.1005859375 0.1865234375
1 0.7529296875 0.576171875 0.087890625 0.1787109375
2 0.3125 0.7001953125 0.140625 0.5439453125
2 0.4111328125 0.67578125 0.1103515625 0.515625
2 0.5380859375 0.716796875 0.138671875 0.5625
2 0.634765625 0.67578125 0.0888671875 0.5205078125
2 0.748046875 0.6484375 0.1142578125 0.4931640625
0 0.9677734375 0.5908203125 0.033203125 0.0517578125
2 0.9501953125 0.6279296875 0.087890625 0.1494140625