0 0.1015625 0.1806640625 0.203125 0.2685546875
0 0.427734375 0.1865234375 0.3564453125 0.263671875
0 0.689453125 0.23828125 0.2705078125 0.265625
0 0.9541015625 0.1787109375 0.091796875 0.2138671875
2 0.1533203125 0.5234375 0.302734375 0.953125
2 0.4853515625 0.5244140625 0.876953125 0.951171875
2 0.7822265625 0.5546875 0.435546875 0.890625
2 0.896484375 0.359375 0.2060546875 0.5810546875
1 0.4619140625 0.7509765625 0.626953125 0.498046875
1 0.1201171875 0.7109375 0.240234375 0.578125
1 0.9287109375 0.5244140625 0.138671875 0.3671875