0 0.5009765625 0.2021484375 0.068359375 0.0703125
0 0.9755859375 0.634765625 0.03515625 0.06640625
0 0.826171875 0.5908203125 0.0546875 0.056640625
0 0.615234375 0.6572265625 0.03125 0.056640625
0 0.5849609375 0.6630859375 0.02734375 0.052734375
0 0.65234375 0.6513671875 0.021484375 0.0390625
0 0.5556640625 0.78125 0.056640625 0.07421875
0 0.453125 0.7705078125 0.044921875 0.08203125
0 0.0986328125 0.501953125 0.048828125 0.076171875
2 0.9443359375 0.79296875 0.099609375 0.4140625
2 0.8076171875 0.7802734375 0.142578125 0.439453125
2 0.5947265625 0.755859375 0.099609375 0.2578125
2 0.552734375 0.8662109375 0.11328125 0.267578125
2 0.4697265625 0.86328125 0.099609375 0.2734375
2 0.1806640625 0.69140625 0.16796875 0.5703125
2 0.091796875 0.70703125 0.166015625 0.5234375
2 0.1474609375 0.2509765625 0.169921875 0.501953125
2 0.5 0.3935546875 0.208984375 0.4921875
1 0.8154296875 0.7216796875 0.09765625 0.181640625
1 0.5478515625 0.9169921875 0.099609375 0.166015625
1 0.4716796875 0.875 0.099609375 0.21484375
1 0.595703125 0.7578125 0.08203125 0.16015625
1 0.18359375 0.083984375 0.109375 0.16796875