0 0.1982421875 0.287109375 0.052734375 0.04296875
0 0.3056640625 0.220703125 0.064453125 0.0615234375
0 0.4208984375 0.15234375 0.0556640625 0.0888671875
0 0.552734375 0.173828125 0.09765625 0.1123046875
0 0.708984375 0.1875 0.1064453125 0.15234375
1 0.291015625 0.369140625 0.1015625 0.2021484375
1 0.40234375 0.3154296875 0.1103515625 0.220703125
1 0.4873046875 0.3828125 0.1435546875 0.2998046875
1 0.8798828125 0.3759765625 0.228515625 0.3828125
1 0.1962890625 0.3984375 0.080078125 0.1474609375
2 0.1923828125 0.4306640625 0.111328125 0.3564453125
2 0.2900390625 0.4365234375 0.123046875 0.4951171875
2 0.4091796875 0.4052734375 0.123046875 0.5986328125
2 0.5126953125 0.4609375 0.166015625 0.7109375
2 0.83203125 0.5263671875 0.33203125 0.8466796875