0 0.2421875 0.740234375 0.09375 0.0625
0 0.158203125 0.658203125 0.0810546875 0.0703125
0 0.029296875 0.609375 0.05859375 0.07421875
0 0.2978515625 0.6376953125 0.0693359375 0.0517578125
0 0.3994140625 0.6337890625 0.080078125 0.0703125
0 0.533203125 0.6494140625 0.0859375 0.0703125
0 0.498046875 0.75390625 0.0732421875 0.0458984375
0 0.7119140625 0.744140625 0.091796875 0.0615234375
0 0.6923828125 0.6494140625 0.083984375 0.0859375
0 0.7900390625 0.634765625 0.080078125 0.0576171875
0 0.890625 0.6435546875 0.08984375 0.068359375
0 0.9716796875 0.6787109375 0.052734375 0.05859375
0 0.876953125 0.6044921875 0.0859375 0.05078125
0 0.87890625 0.5498046875 0.0859375 0.06640625
0 0.892578125 0.4755859375 0.0966796875 0.0673828125
0 0.896484375 0.3603515625 0.1015625 0.0595703125
0 0.923828125 0.279296875 0.0830078125 0.05859375
0 0.8583984375 0.2861328125 0.0869140625 0.0556640625
0 0.7626953125 0.322265625 0.103515625 0.0654296875
0 0.6044921875 0.328125 0.099609375 0.0498046875
0 0.4189453125 0.427734375 0.1064453125 0.0654296875
0 0.2236328125 0.556640625 0.0908203125 0.0703125
0 0.095703125 0.5263671875 0.0966796875 0.0556640625
0 0.0517578125 0.5048828125 0.087890625 0.0712890625
0 0.1376953125 0.4375 0.087890625 0.072265625
0 0.16015625 0.31640625 0.0703125 0.08203125
0 0.2685546875 0.3271484375 0.083984375 0.0712890625
0 0.373046875 0.2880859375 0.0732421875 0.0673828125
0 0.4619140625 0.27734375 0.0693359375 0.0732421875
0 0.5849609375 0.267578125 0.076171875 0.05078125
0 0.744140625 0.25390625 0.0830078125 0.0615234375
2 0.4248046875 0.54296875 0.1748046875 0.314453125
2 0.6279296875 0.50390625 0.185546875 0.4052734375
2 0.2177734375 0.6220703125 0.1650390625 0.173828125
2 0.3408203125 0.6923828125 0.173828125 0.171875
2 0.767578125 0.4775390625 0.1298828125 0.3603515625
2 0.2900390625 0.4501953125 0.142578125 0.3173828125
2 0.169921875 0.4326171875 0.1845703125 0.3056640625
2 0.130859375 0.52734375 0.14453125 0.1943359375
2 0.38671875 0.3681640625 0.1396484375 0.228515625
2 0.482421875 0.3544921875 0.1220703125 0.2197265625
2 0.0791015625 0.2958984375 0.1298828125 0.146484375