0 0.115234375 0.0390625 0.11328125 0.078125
0 0.302734375 0.087890625 0.1171875 0.1513671875
0 0.408203125 0.1474609375 0.09375 0.119140625
0 0.5498046875 0.138671875 0.087890625 0.125
0 0.619140625 0.0732421875 0.0986328125 0.1220703125
0 0.6904296875 0.037109375 0.115234375 0.07421875
0 0.79296875 0.1708984375 0.1015625 0.1142578125
0 0.90234375 0.1552734375 0.1171875 0.1025390625
2 0.11328125 0.498046875 0.2265625 0.99609375
2 0.2880859375 0.5068359375 0.232421875 0.9833984375
2 0.4248046875 0.5419921875 0.1689453125 0.9130859375
2 0.638671875 0.5048828125 0.22265625 0.990234375
2 0.818359375 0.5595703125 0.18359375 0.880859375
2 0.9228515625 0.5537109375 0.154296875 0.892578125